numero:01 accompagnateur:46,64,19,58,13,62,17,85,40,26,71,10,55,31,33,75,57,90,69,79
numero:02 accompagnateur:47,74,29,65,56,20,02,18,81,63,36,56,65,11,28,82,31,13,52,25
numero:03 accompagnateur:48,84,39,57,75,12,21,15,51,60,06,30,03,06,60,37,73,35,53,04,40,34,43
numero:04 accompagnateur:49,76,67,74,47,40,31,13,29,22,02,20,85,58,03,30,34,43
numero:05 accompagnateur:50,19,89,64,64,44,14,41,59
numero:06 accompagnateur:51,15,90,09,25,52,60,45,54,70,07,46,64
numero:07 accompagnateur:52,25,54,45,28,82,70,09,90,73,37,59,69
numero:08 accompagnateur:53,35,43,34,36,63,80,88,81,18,79,31,13,74,47
numero:09 accompagnateur:54,45,23,32,07,70,90,68,86,52,25,77,83,38,18,84,65,56,14,41,55,56,65
numero:10 accompagnateur:55,83,38,42,24,01,87,78,69,46,64,84,48,36,63,45,54
numero:11 accompagnateur:56,65,32,23,79,20,02,77,34,43,68,86,29,33,67,76,88
numero:12 accompagnateur:57,75,03,30,21,48,84,66,59
numero:13 accompagnateur:58,85,68,86,01,10,31,40,04,23,32,46,64,41,14,55,76,67,26,62,42,24
numero:14 accompagnateur:59,26,62,16,61,41,05,50,71,17,86,68,34,43,39,89,72,27,77,19,09,90
numero:15 accompagnateur:60,06,48,84,44,51,03,30,89,39,88,80,08,53,35,57,75,70,07
numero:16 accompagnateur:61,59,73,37,14,41,28,82,49,50,05,88,23,32
numero:17 accompagnateur:26,62,81,18,46,64,71,36,63,01,10,19,23,32,79,35,53
numero:18 accompagnateur:63,36,47,74,27,72,81,02,20,29,28,82,88,25,52,37,73,09,90,40,04,42,24,55
numero:19 accompagnateur:64,46,05,50,85,58,10,01,40,04,13,31,60,06,39,14,41,24,42,86,68
numero:20 accompagnateur:65,56,66,02,11,21,12,47,74,34,43,35,53,28,82
numero:21 accompagnateur:66,35,53,20,02,12,80,08,65,56,47,74,57,75,03,30,71,17,61,16,38,83,26,62,39
numero:22 accompagnateur:67,76,87,78,34,43,31,13,42,24,79,33,88,68,86,85,58
numero:23 accompagnateur:68,86,09,90,13,31,32,77,05,50,16,61,88,79,17,71
numero:24 accompagnateur:69,45,54,39,42,87,90,09,84,48,19,39,63,36,25,52,62,26
numero:25 accompagnateur:70,07,51,15,82,28,52,06,60,37,73,78,87,18,81,24,42,40,04,62,26
numero:26 accompagnateur:71,17,14,41,84,48,62,59,39,86,03,21,12,38,83,42,24,13,31,39
numero:27 accompagnateur:72,63,36,37,73,18,81,82,28,65,56,44,30,03,62,26,60,06
numero:28 accompagnateur:73,37,52,25,61,16,82,07,70,77,85,58,20,02,88,78,87,18,81
numero:29 accompagnateur:74,47,38,83,49,02,20,04,40,52,25,50,05,79,11
numero:30 accompagnateur:75,57,78,87,12,21,03,33,42,24,66,48,84,13,31,72,27
numero:31 accompagnateur:76,67,88,04,40,13,43,34,49,85,58,52,25,02,20,74,47,33,10,01,36,08,80,30,03,36,63
numero:32 accompagnateur:77,11,41,14,23,56,65,86,68,59,63,36,54,45
numero:33 accompagnateur:78,87,80,08,30,03,42,24,35,53,75,57,48,84,31,11,86,01,30,67,85,89,13,68
numero:34 accompagnateur:79,67,76,56,65,43,22,11,31,20,88,20,02,53,35,03,30,39,04,40,14,41
numero:35 accompagnateur:80,08,21,12,33,53,66,78,87,57,75,34,43,37,73,20,02,17,71,51,15,03,63,71,75,85
numero:36 accompagnateur:81,18,53,35,17,71,63,08,80,62,26,10,31,13,84,48,55,65,74
numero:37 accompagnateur:82,28,72,27,70,07,73,25,52,88,31,13,88,35,53,18,81,88,35,53,17,71,03,42,58,68
numero:38 accompagnateur:83,29,10,01,74,47,55,46,64,08,80,56,65,88
numero:39 accompagnateur:84,48,69,71,17,03,30,24,42,26,62,21,12,34,43,19,14,41,24,42
numero:40 accompagnateur:85,58,86,68,64,46,04,13,31,41,14,19,23,32,01,10,49,25,52,18,81,44,77
numero:41 accompagnateur:86,68,77,40,04,14,23,32,85,58,49,59,72,27,82,28,88
numero:42 accompagnateur:87,78,55,22,24,33,10,01,67,76,69,18,81,37,73,26,62,13,31
numero:43 accompagnateur:88,53,35,76,67,08,80,31,13,34,43,81,18,16,61,49,83
numero:44 accompagnateur:89,60,06,50,05,06,60,15,51,87,78,40,04,77,65,56,63,36,27,84
numero:45 accompagnateur:90,09,24,42,06,60,54,69,51,15,10,01,59
numero:46 accompagnateur:01,10,62,26,58,85,64,55,17,71,13,31,40,04,19,48,84,79,51,15,06
numero:47 accompagnateur:02,20,18,81,65,56,74,63,36,11,29,71,17,65,56,77,80
numero:48 accompagnateur:03,30,15,51,57,75,84,60,06,12,21,39,63,36,24,42,59,79,12,46
numero:49 accompagnateur:04,40,74,47,76,67,85,58,29,31,13,02,20,22,76,67,61,16,50,43,83
numero:50 accompagnateur:05,19,89,64,46,44,73,37,16,61,52,29
numero:51 accompagnateur:06,60,25,52,90,09,15,70,07,45,54,20,02,46,64
numero:52 accompagnateur:07,70,28,82,54,45,25,73,37,09,90,72,27,50,05,02,20,29,31
numero:53 accompagnateur:08,80,36,43,34,63,35,81,18,88,79,12,21,48,84,20,15,65,57
numero:54 accompagnateur:09,90,07,23,70,32,45,52,25,68,86,77,58,85,63,87,78
numero:55 accompagnateur:10,01,42,83,24,38,46,64,87,78,69,09,90,18,81,36,63,65
numero:56 accompagnateur:11,79,32,23,65,34,43,77,68,86,09,90,65
numero:57 accompagnateur:12,21,03,30,75,57,66,48,84,53,15,51,35
numero:58 accompagnateur:13,31,01,68,10,86,85,76,46,23,55,41,40,28,82,37,73,70,54
numero:59 accompagnateur:14,41,16,26,61,62,86,71,17,
numero:60 accompagnateur:15,51,44,48,84,06,89,03,30,39,
numero:61 accompagnateur:16,73,59,37,28,14,41,82,
numero:62 accompagnateur:17,71,46,81,64,18,26,01,10,36,63,19,63,36,
numero:63 accompagnateur:18,81,27,47,72,74,36,02,29,81
numero:64 accompagnateur:19,85,05,58,50,46,40,04,13,01,10
numero:65 accompagnateur:20,02,66,56,47,74,21,12,
numero:66 accompagnateur:21,12,20,35,02,53,57,75,65,56,80,08,47,74
numero:67 accompagnateur:22,34,87,43,78,76,79,42,24,88,33,31,13
numero:68 accompagnateur:23,32,13,09,31,90,86,77,58,85,54,45,76,67,41,14,
numero:69 accompagnateur:24,42,39,45,54,87,78,84,48,90,09,
numero:70 accompagnateur:25,52,82,51,28,15,07,37,73,06,60,
numero:71 accompagnateur:26,62,84,14,48,41,17,39,59,03,30,86,68,
numero:72 accompagnateur:27,63,73,37,36,82,28,18,81,
numero:73 accompagnateur:28,82,61,52,16,25,37,07,70,
numero:74 accompagnateur:29,49,38,83,47,04,40,02,20
numero:75 accompagnateur:30,03,12,78,21,87,57,48,84,33,66,42,24,
numero:76 accompagnateur:31,13,04,88,40,67,58,85,49,43,34,22
numero:77 accompagnateur:32,23,41,11,14,68,86,56,65,59,
numero:78 accompagnateur:33,30,80,03,08,87,75,57,35,53,48,84,42,24
numero:79 accompagnateur:34,43,56,67,65,76,88,11,22,20,02,31,13
numero:80 accompagnateur:35,53,33,21,12,08,78,87,66,57,75,
numero:81 accompagnateur:36,63,17,53,71,35,18,62,26,08,80,
numero:82 accompagnateur:37,73,70,72,07,27,28,25,52,27,72,
numero:83 accompagnateur:38,10,29,01,55,74,47,46,64,
numero:84 accompagnateur:39,71,69,17,48,26,62,24,42,03,30,
numero:85 accompagnateur:40,04,64,86,46,68,58,49,19,41,14,01,10,23,32,13,31
numero:86 accompagnateur:41,14,40,77,04,68,59,85,58,32,23,49,
numero:87 accompagnateur:42,24,22,55,78,69,67,10,76,01,33
numero:88 accompagnateur:43,34,31,08,13,80,79,76,67,53,35,58,85,
numero:89 accompagnateur:44,50,60,05,06,15,51,
numero:90 accompagnateur:45,54,06,24,60,42,09,51,15,69,87,78,


